#  Matrix made by matblas from blosum62.iij
#  * column uses minimum score
#  BLOSUM Clustered Scoring Matrix in 1/2 Bit Units
#  Blocks Database = /data/blocks_5.0/blocks.dat
#  Cluster Percentage: >= 62
#  Entropy =   0.6979, Expected =  -0.5209
 A  R  N  D  C  Q  E  G  H  I  L  K  M  F  P  S  T  W  Y  V  B  Z  X  *
 5  0  0  0  0  0  0  3  0  0  0  0  0  0  1  1  1  0  0  0  0  0  0  0
 0  6  0  0  0  0  0  0  0  0  0  3  0  0  0  0  0  0  0  0  0  0  0  0
 0  0  5  3  0  2  1  0  1  0  0  0  0  0  0  1  1  0  0  0  0  0  0  0
 0  0  3  5  0  1  2  0  0  0  0  0  0  0  0  0  0  0  0  0  0  0  0  0
 0  0  0  0  6  0  0  0  0  0  0  0  0  0  0  1  0  0  0  0  0  0  0  0
 0  0  2  1  0  5  3  0  2  0  0  1  0  0  0  1  0  0  0  0  0  0  0  0
 0  0  1  2  0  3  5  0  0  0  0  0  0  0  0  0  0  0  0  0  0  0  0  0
 3  0  0  0  0  0  0  6  0  0  0  0  0  0  0  0  0  0  0  0  0  0  0  0
 0  0  1  0  0  2  0  0  6  0  0  0  0  2  0  0  0  1  2  0  0  0  0  0
 0  0  0  0  0  0  0  0  0  5  3  0  3  1  0  0  1  1  1  2  0  0  0  0
 0  0  0  0  0  0  0  0  0  3  5  0  3  2  1  0  0  1  1  1  0  0  0  0
 0  3  0  0  0  1  0  0  0  0  0  5  0  0  0  0  0  0  0  0  0  0  0  0
 0  0  0  0  0  0  0  0  0  3  3  0  6  2  0  0  0  1  1  1  0  0  0  0
 0  0  0  0  0  0  0  0  2  1  2  0  2  6  0  0  0  3  3  1  0  0  0  0
 1  0  0  0  0  0  0  0  0  0  1  0  0  0  5  0  1  0  0  1  0  0  0  0
 1  0  1  0  2  1  0  0  0  0  0  0  0  0  0  5  3  0  0  0  0  0  0  0
 1  0  1  0  0  0  0  0  0  1  0  0  0  0  1  3  5  0  0  0  0  0  0  0
 0  0  0  0  0  0  0  0  1  1  1  0  1  3  0  0  0  6  2  0  0  0  0  0
 0  0  0  0  0  0  0  0  2  1  1  0  1  3  0  0  0  2  6  0  0  0  0  0
 0  0  0  0  0  0  0  0  0  2  1  0  1  1  1  0  0  0  0  5  0  0  0  0
 0  0  0  0  0  0  0  0  0  0  0  0  0  0  0  0  0  0  0  0  0  0  0  0
 0  0  0  0  0  0  0  0  0  0  0  0  0  0  0  0  0  0  0  0  0  0  0  0
 0  0  0  0  0  0  0  0  0  0  0  0  0  0  0  0  0  0  0  0  0  0  0  0
 0  0  0  0  0  0  0  0  0  0  0  0  0  0  0  0  0  0  0  0  0  0  0  0